10000 10000 0
8907 8907 1
10000 10000 0
10000 10000 0
10000 10000 0
10000 10000 0
10000 10000 0
10000 10000 0
10000 10000 0
10709 11121 1
10000 10000 0
10000 10000 0
10000 10000 0
10000 10000 0
10000 10000 0
10000 10000 0
10000 10000 0
10000 10000 0
10000 10000 0
10339 10275 1
10000 10000 0
10000 10000 0
10000 10000 0
10000 10000 0
10000 10000 0
10000 10000 0
10000 10000 0
10000 10000 0
10000 10000 0
10000 10000 0
10000 10000 0
10000 10000 0
11074 11135 1
9943 9892 1
10000 10000 0
8880 8880 1
10000 10000 0
10000 10000 0
8117 8117 1
10000 10000 0
9700 9700 1
10000 10000 0
10903 10868 1
8934 8934 1
12494 12404 1
10000 10000 0
