10000 10000 0
6569 6590 1
10000 10000 0
10000 10000 0
10000 10000 0
10000 10000 0
10000 10000 0
10000 10000 0
10000 10000 0
11482 12003 1
10000 10000 0
10000 10000 0
10000 10000 0
10000 10000 0
10000 10000 0
10000 10000 0
10000 10000 0
10000 10000 0
10000 10000 0
10626 10645 1
10000 10000 0
10000 10000 0
10000 10000 0
10000 10000 0
10000 10000 0
10000 10000 0
10000 10000 0
10000 10000 0
10000 10000 0
10585 11517 1
10000 10000 0
10000 10000 0
11662 11735 1
9892 9892 0
10000 10000 0
8880 8880 0
10000 10000 0
10000 10000 0
8117 8117 0
10000 10000 0
4640 4640 1
10000 10000 0
11465 11570 1
8934 8934 0
12926 12881 1
10000 10000 0
