10000 10000 0
3770 3770 1
10000 10000 0
10000 10000 0
10000 10000 0
10000 10000 0
10000 10000 0
10000 10000 0
9006 9006 1
11824 11748 1
10000 10000 0
10000 10000 0
10000 10000 0
11843 12914 1
10000 10000 0
10000 10000 0
10000 10000 0
10000 10000 0
10000 10000 0
10934 11189 1
10000 10000 0
10000 10000 0
10000 10000 0
10000 10000 0
10000 10000 0
11898 12084 1
10000 10000 0
10000 10000 0
10000 10000 0
11500 11504 1
10000 10000 0
10000 10000 0
12775 12675 1
9892 9892 0
10000 10000 0
8880 8880 0
8517 8517 1
10000 10000 0
8117 8117 0
10000 10000 0
-750 -750 1
10000 10000 0
11252 11146 1
8934 8934 0
13827 14341 1
10000 10000 0
