9662 9643 1
-378 -378 1
10000 10000 0
10000 10000 0
10000 10000 0
10000 10000 0
10000 10000 0
7288 7288 1
7997 8356 1
10737 10644 1
10000 10000 0
10000 10000 0
10000 10000 0
15181 16552 1
10000 10000 0
10000 10000 0
10000 10000 0
10000 10000 0
10000 10000 0
11933 12261 1
10000 10000 0
10000 10000 0
12423 13065 1
10000 10000 0
10000 10000 0
14312 14159 1
10000 10000 0
10000 10000 0
10000 10000 0
10224 10224 1
10743 11088 1
10000 10000 0
13384 13247 1
9892 9892 0
10000 10000 0
8880 8880 0
8517 8517 0
10939 11075 1
8117 8117 0
10000 10000 0
-750 -750 0
8765 8793 1
10154 10154 1
8934 8934 0
14077 13978 1
8457 8457 1
